211729
211757
216292
216302
216337
216340
216347
216359
216368
216378
216484
216645
216669
216674
216717
216762
216813
216873
216885
216991
217011
217023
217061
217066
217080
217105
217140
217152
217680
217690
217715
217732
217758
217764
217797
217814
217833
217901
217906
217942
218058
218067
218106
218177
218224
218228
218249
218257
218286
218322
218342
218516
218527
218535
218541
218575
218667
218695
218709
218746
218792
218844
218911
218928
218964
218984
219008
219026
219029
219098
219178
219323
219337
221176
221207
480358
508167
508168
681304
779715
791436
795425
1048609
1109625
1201255
1258488
1265712
1526493
1830172
1850717
2153551
2219011
2381057
2784496
2850897
2975058
3066771
3127867
3222919
3428093
3851381
4012618
4025255
4259134
4308549
4381370
4381371
4445859
4471905
4895699
5321804
5418477
5448816
5453229
5464914
5489597
5509235
5740495
5742238
5759076
5787451
5898065
5950942
6280127
6704785
6932956
6933016
7031974
7060276
7101179
7175571
7302565
7309272
7835110
7908592
7908626
7956151
8243572
8373151
8374122
8550192
9006571
9049080
10032219
10151906
10307386
10475162
10490316
10572752
10627049
10700975
10958760
11396222
11600595
11777978
12225521